1APG1 1APG2 1APG3 1APG4 1APG5 1GCG1 1GCG2 1IFA 2APG1 2APG2 2APG3 2APG4 2APG5 2GCG1 2GCG2 2IFA 3GCG1 3GCG2 3GI 3IAII 3IFA 3IIRG1 3IIRG2 3IIRG3 4GC 4IAII 4IFAO1 4IFAO2 4IIRG1 4IIRG2 4IIRG3
0 0 C2 C2 C2 C2 C2 C2 0 C2 C2 C2 C2 C2 C2 0 B3 B3 B3 B3 B3 B3 0 0 0 0 0 0 0 0 0 0 0 0 0 0 0 0 0 0
0 0 0 0 0 0 0 0 0 0 0 0 0 0 0 0 0 0 0 0 0 0 0 0 0 0 0 0 0 0 0 0 0 0 0 0 0 0 0 0
0 0 0 0 0 0 0 0 0 0 0 0 0 0 0 0 0 0 0 0 0 0 0 0 0 0 0 0 0 0 0 0 0 0 0 0 0 0 0 0
0 0 0 0 0 0 0 0 0 0 0 0 0 0 0 0 0 0 0 0 0 0 0 0 0 0 0 0 0 0 0 0 0 0 0 0 0 0 0 0
0 0 LCSE LCSE LCSE LCSE LCSE LCSE 0 B3 B3 B3 B3 B3 B3 0 0 0 0 0 0 0 0 0 0 0 0 0 0 0 0 0 0 0 0 0 0 0 0 0
0 0 C2 C2 C2 C2 C2 C2 0 CC3 CC3 CC3 CC3 CC3 CC3 0 0 0 0 0 0 0 0 0 0 0 0 0 0 0 0 0 0 0 0 0 0 0 0 0

0 0 0 0 0 0 0 0 0 0 0 0 0 0 0 0 C2 C2 C2 C2 C2 C2 0 LCSE LCSE LCSE LCSE LCSE LCSE 0 0 0 0 0 0 0 0 0 0 0
0 0 B2 B2 B2 B2 B2 B2 0 0 0 0 0 0 0 0 D4 D4 D4 D4 D4 D4 0 A2 A2 A2 A2 A2 A2 0 0 0 0 0 0 0 0 0 0 0
0 0 C4 C4 C4 C4 C4 C4 0 C4 C4 C4 C4 C4 C4 0 0 0 0 0 0 0 0 0 0 0 0 0 0 0 0 0 0 0 0 0 0 0 0 0
0 0 C2 C2 C2 C2 C2 C2 0 C2 C2 C2 C2 C2 C2 0 0 C2 C2 C2 C2 C2 C2 0 C2 C2 C2 C2 C2 C2 0 0 0 0 0 0 0 0 0 0
0 0 C2 C2 C2 C2 C2 C2 0 C2 C2 C2 C2 C2 C2 0 0 0 0 0 0 0 0 0 0 0 0 0 0 0 0 0 0 0 0 0 0 0 0 0
0 0 CC3 CC3 CC3 CC3 CC3 CC3 0 C2 C2 C2 C2 C2 C2 0 0 0 0 0 0 0 0 0 0 0 0 0 0 0 0 0 0 0 0 0 0 0 0 0

0 0 C3 C3 C3 C3 C3 C3 0 C3 C3 C3 C3 C3 C3 0 LCSE LCSE LCSE LCSE LCSE LCSE 0 B3 B3 B3 B3 B3 B3 0 0 0 0 0 0 0 0 0 0 0
0 0 0 0 0 0 0 0 0 0 0 0 0 0 0 0 C2 C2 C2 C2 C2 C2 0 C2 C2 C2 C2 C2 C2 0 0 0 0 0 0 0 0 0 0 0
0 0 0 0 0 0 0 0 0 B5 B5 B5 B5 B5 B5 0 0 B2 B2 B2 B2 B2 B2 0 0 0 0 0 0 0 0 0 0 0 0 0 0 0 0 0
0 0 0 0 0 0 0 0 0 0 0 0 0 0 0 0 0 0 0 0 0 0 0 0 0 0 0 0 0 0 0 0 0 0 0 0 0 0 0 0
0 0 CC5 CC5 CC5 CC5 CC5 CC5 0 D4 D4 D4 D4 D4 D4 0 0 0 0 0 0 0 C3 C3 C3 C3 C3 C3 0 0 0 0 0 0 0 0 0 0 0 0
0 0 0 0 0 0 0 0 0 0 0 0 0 0 0 0 0 0 0 0 0 0 0 0 0 0 0 0 0 0 0 0 0 0 0 0 0 0 0 0

0 0 LCSE LCSE LCSE LCSE LCSE LCSE 0 0 0 0 0 0 0 0 C4 C4 C4 C4 C4 C4 0 C4 C4 C4 C4 C4 C4 0 0 0 0 0 0 0 0 0 0 0
0 0 0 0 0 0 0 0 0 0 0 0 0 0 0 0 0 0 0 0 0 0 0 0 0 0 0 0 0 0 0 0 0 0 0 0 0 0 0 0
0 0 B4 B4 B4 B4 B4 B4 0 B4 B4 B4 B4 B4 B4 0 B4 B4 B4 B4 B4 B4 0 B4 B4 B4 B4 B4 B4 0 0 0 0 0 0 0 0 0 0 0
0 0 0 0 0 0 0 0 0 0 0 0 0 0 0 0 0 0 0 0 0 0 0 0 0 0 0 0 0 0 0 0 0 0 0 0 0 0 0 0
0 0 0 0 0 0 0 0 0 0 0 0 0 0 0 0 0 0 0 0 0 0 CC1 CC1 CC1 CC1 CC1 CC1 0 C1 C1 C1 C1 C1 C1 0 0 0 0 0
0 0 0 0 0 0 0 0 0 0 0 0 0 0 0 0 0 0 0 0 0 0 0 0 0 0 0 0 0 0 0 0 0 0 0 0 0 0 0 0

0 0 0 0 0 0 0 0 0 C4 C4 C4 C4 C4 C4 0 B1 B1 B1 B1 B1 B1 0 0 0 0 0 0 0 0 0 0 0 0 0 0 0 0 0 0
0 0 0 0 0 0 0 0 0 0 0 0 0 0 0 0 0 0 0 0 0 0 0 0 0 0 0 0 0 0 0 0 0 0 0 0 0 0 0 0
0 0 0 0 0 0 0 0 0 0 0 0 0 0 0 0 C2 C2 C2 C2 C2 C2 0 LCSE LCSE LCSE LCSE LCSE LCSE 0 0 0 0 0 0 0 0 0 0 0
0 0 0 0 0 0 0 0 0 0 0 0 0 0 0 0 0 0 0 0 0 0 0 0 0 0 0 0 0 0 0 0 0 0 0 0 0 0 0 0
0 0 B4 B4 B4 B4 B4 B4 0 B4 B4 B4 B4 B4 B4 0 0 0 0 0 0 0 C5 C5 C5 C5 C5 C5 0 CC1 CC1 CC1 CC1 CC1 CC1 0 0 0 0 0
0 0 0 0 0 0 0 0 0 0 0 0 0 0 0 0 0 0 0 0 0 0 0 0 0 0 0 0 0 0 0 0 0 0 0 0 0 0 0 0

0 0 0 0 0 0 0 0 0 0 0 0 0 0 0 0 0 0 0 0 0 0 0 0 0 0 0 0 0 0 0 0 0 0 0 0 0 0 0 0
0 0 0 0 0 0 0 0 0 C2 C2 C2 C2 C2 C2 0 CC5 CC5 CC5 CC5 CC5 CC5 0 0 0 0 0 0 0 0 0 0 0 0 0 0 0 0 0 0
0 0 D4 D4 D4 D4 D4 D4 D4 D4 D4 D4 D4 D4 D4 0 CC2 CC2 CC2 CC2 CC2 CC2 CC2 CC2 CC2 CC2 CC2 0 0 0 0 0 0 0 0 0 0 0 0 0
0 0 0 0 0 0 0 0 0 0 0 0 0 0 0 0 0 0 0 0 0 0 0 0 0 0 0 0 0 0 0 0 0 0 0 0 0 0 0 0
0 0 A1 A1 A1 A1 A1 A1 A1 A1 A1 A1 A1 A1 A1 0 0 0 0 0 0 0 A1 A1 A1 A1 A1 A1 A1 A1 A1 A1 A1 A1 A1 0 0 0 0 0
0 0 0 0 0 0 0 0 0 0 0 0 0 0 0 0 0 0 0 0 0 0 0 0 0 0 0 0 0 0 0 0 0 0 0 0 0 0 0 0

0 0 0 0 0 0 0 0 0 0 0 0 0 0 0 0 0 0 0 0 0 0 0 0 0 0 0 0 0 0 0 0 0 0 0 0 0 0 0 0
0 0 A1 A1 A1 A1 A1 A1 0 A1 A1 A1 A1 A1 A1 0 0 0 0 0 0 0 0 CC5 CC5 CC5 CC5 CC5 CC5 0 0 0 0 0 0 0 0 0 0 0
0 0 A1 A1 A1 A1 A1 A1 0 0 0 0 0 0 0 0 A1 A1 A1 A1 A1 A1 A1 A1 A1 A1 A1 A1 A1 0 0 0 0 0 0 0 0 0 0 0
0 0 0 0 0 0 0 0 0 0 0 0 0 0 0 0 0 0 0 0 0 0 0 0 0 0 0 0 0 0 0 0 0 0 0 0 0 0 0 0
0 0 A2 A2 A2 A2 A2 A2 A2 A2 A2 A2 A2 A2 A2 0 0 0 0 0 0 0 0 0 0 0 0 0 0 0 0 0 0 0 0 0 0 0 0 0
0 0 0 0 0 0 0 0 0 0 0 0 0 0 0 0 0 0 0 0 0 0 0 0 0 0 0 0 0 0 0 0 0 0 0 0 0 0 0 0

0 0 0 0 0 0 0 0 0 0 0 0 0 0 0 0 0 0 0 0 0 0 0 0 0 0 0 0 0 0 0 0 0 0 0 0 0 0 0 0
0 0 0 0 0 0 0 0 0 0 0 0 0 0 0 0 C5 C5 C5 C5 C5 C5 0 C5 C5 C5 C5 C5 C5 0 0 0 0 0 0 0 0 0 0 0
0 0 0 0 0 0 0 0 0 0 0 0 0 0 0 0 0 0 0 0 0 0 0 0 0 0 0 0 0 0 0 0 0 0 0 0 0 0 0 0
0 0 C4 C4 C4 C4 C4 C4 C4 C4 C4 C4 C4 C4 C4 0 C3 C3 C3 C3 C3 C3 0 0 0 0 0 0 0 0 0 0 0 0 0 0 0 0 0 0
0 0 0 0 0 0 0 0 0 0 0 0 0 0 0 0 0 0 0 0 0 0 0 0 0 0 0 0 0 0 0 0 0 0 0 0 0 0 0 0
0 0 0 0 0 0 0 0 0 0 0 0 0 0 0 0 0 0 0 0 0 0 0 0 0 0 0 0 0 0 0 0 0 0 0 0 0 0 0 0

0 0 0 0 0 0 0 0 0 B4 B4 B4 B4 B4 B4 0 CC2 CC2 CC2 CC2 CC2 CC2 CC2 CC2 CC2 CC2 CC2 CC2 CC2 0 0 0 0 0 0 0 0 0 0 0
0 0 LCSE LCSE LCSE LCSE LCSE LCSE 0 CC1 CC1 CC1 CC1 CC1 CC1 0 C4 C4 C4 C4 C4 C4 C4 C4 C4 C4 C4 C4 C4 0 0 0 0 0 0 0 0 0 0 0
0 0 B3 B3 B3 B3 B3 B3 0 0 0 0 0 0 0 0 B3 B3 B3 B3 B3 B3 0 B3 B3 B3 B3 B3 B3 0 0 0 0 0 0 0 0 0 0 0
0 0 CC4 CC4 CC4 CC4 CC4 CC4 0 0 0 0 0 0 0 0 0 LCSE LCSE LCSE LCSE LCSE LCSE LCSE LCSE LCSE LCSE LCSE LCSE LCSE 0 0 0 0 0 0 0 0 0 0
0 0 0 0 0 0 0 0 0 0 0 0 0 0 0 0 0 0 0 0 0 0 0 0 0 0 0 0 0 0 0 0 0 0 0 0 0 0 0 0
0 0 C4 C4 C4 C4 C4 C4 C4 C4 C4 C4 C4 C4 C4 0 0 0 0 0 0 0 0 0 0 0 0 0 0 0 0 0 0 0 0 0 0 0 0 0

0 0 0 0 0 0 0 0 0 0 0 0 0 0 0 0 0 0 0 0 0 0 0 0 0 0 0 0 0 0 0 0 0 0 0 0 0 0 0 0
0 0 B3 B3 B3 B3 B3 B3 B3 B3 B3 B3 B3 B3 B3 0 B3 B3 B3 B3 B3 B3 0 CC4 CC4 CC4 CC4 CC4 CC4 0 0 0 0 0 0 0 0 0 0 0
0 0 LCSE LCSE LCSE LCSE LCSE LCSE 0 B3 B3 B3 B3 B3 B3 0 C4 C4 C4 C4 C4 C4 0 CC4 CC4 CC4 CC4 CC4 CC4 0 0 0 0 0 0 0 0 0 0 0
0 0 C3 C3 C3 C3 C3 C3 0 0 0 0 0 0 0 0 CC3 CC3 CC3 CC3 CC3 CC3 CC3 CC3 CC3 CC3 CC3 CC3 CC3 0 0 0 0 0 0 0 0 0 0 0
0 0 0 0 0 0 0 0 0 0 0 0 0 0 0 0 0 0 0 0 0 0 0 0 0 0 0 0 0 0 0 0 0 0 0 0 0 0 0 0
0 0 0 0 0 0 0 0 0 0 0 0 0 0 0 0 0 0 0 0 0 0 0 0 0 0 0 0 0 0 0 0 0 0 0 0 0 0 0 0

0 0 0 0 0 0 0 0 0 0 0 0 0 0 0 0 0 0 0 0 0 0 0 0 0 0 0 0 0 0 0 0 0 0 0 0 0 0 0 0
0 0 C3 C3 C3 C3 C3 C3 C3 C3 C3 C3 C3 C3 C3 0 C3 C3 C3 C3 C3 C3 0 C3 C3 C3 C3 C3 C3 0 0 0 0 0 0 0 0 0 0 0
0 0 0 0 0 0 0 0 0 LCSE LCSE LCSE LCSE LCSE LCSE 0 CC1 CC1 CC1 CC1 CC1 CC1 0 0 0 0 0 0 0 0 0 0 0 0 0 0 0 0 0 0
0 0 0 0 0 0 0 0 0 0 0 0 0 0 0 0 0 0 0 0 0 0 0 0 0 0 0 0 0 0 0 0 0 0 0 0 0 0 0 0
0 0 0 0 0 0 0 0 0 0 0 0 0 0 0 0 0 0 0 0 0 0 0 0 0 0 0 0 0 0 0 0 0 0 0 0 0 0 0 0
0 0 B3 B3 B3 B3 B3 B3 0 0 0 0 0 0 0 0 0 0 0 0 0 0 0 0 0 0 0 0 0 0 0 0 0 0 0 0 0 0 0 0

0 0 0 0 0 0 0 0 0 0 0 0 0 0 0 0 0 0 0 0 0 0 0 0 0 0 0 0 0 0 0 0 0 0 0 0 0 0 0 0
0 0 0 0 0 0 0 0 0 LCSE LCSE LCSE LCSE LCSE LCSE 0 B2 B2 B2 B2 B2 B2 0 B2 B2 B2 B2 B2 B2 0 0 0 0 0 0 0 0 0 0 0
0 0 B2 B2 B2 B2 B2 B2 B2 B2 B2 B2 B2 B2 B2 0 0 CC4 CC4 CC4 CC4 CC4 CC4 0 B2 B2 B2 B2 B2 B2 0 0 0 0 0 0 0 0 0 0
0 0 0 0 0 0 0 0 0 B2 B2 B2 B2 B2 B2 0 B2 B2 B2 B2 B2 B2 B2 B2 B2 B2 B2 B2 B2 0 0 0 0 0 0 0 0 0 0 0
0 0 0 0 0 0 0 0 0 0 0 0 0 0 0 0 0 0 0 0 0 0 LCSE LCSE LCSE LCSE LCSE LCSE LCSE LCSE LCSE LCSE LCSE LCSE LCSE 0 0 0 0 0
0 0 0 0 0 0 0 0 0 0 0 0 0 0 0 0 0 0 0 0 0 0 0 0 0 0 0 0 0 0 0 0 0 0 0 0 0 0 0 0

0 0 0 0 0 0 0 0 0 0 0 0 0 0 0 0 0 0 0 0 0 0 0 0 0 0 0 0 0 0 0 0 0 0 0 0 0 0 0 0
0 0 0 0 0 0 0 0 0 0 0 0 0 0 0 0 0 0 0 0 0 0 0 0 0 0 0 0 0 0 0 0 0 0 0 0 0 0 0 0
0 0 C1 C1 C1 C1 C1 C1 C1 C1 C1 C1 C1 C1 C1 0 CC5 CC5 CC5 CC5 CC5 CC5 CC5 CC5 CC5 CC5 CC5 CC5 CC5 0 0 0 0 0 0 0 0 0 0 0
0 0 C1 C1 C1 C1 C1 C1 0 C1 C1 C1 C1 C1 C1 0 CC1 CC1 CC1 CC1 CC1 CC1 CC1 CC1 CC1 CC1 CC1 CC1 CC1 0 0 0 0 0 0 0 0 0 0 0
0 0 C1 C1 C1 C1 C1 C1 0 C1 C1 C1 C1 C1 C1 0 0 0 0 0 0 0 0 0 0 0 0 0 0 0 0 0 0 0 0 0 0 0 0 0
0 0 LCSE LCSE LCSE LCSE LCSE LCSE 0 B3 B3 B3 B3 B3 B3 0 0 0 0 0 0 0 0 0 0 0 0 0 0 0 0 0 0 0 0 0 0 0 0 0

0 0 0 0 0 0 0 0 0 0 0 0 0 0 0 0 LRDM LRDM LRDM LRDM LRDM LRDM LRDM LRDM LRDM LRDM LRDM LRDM LRDM 0 0 0 0 0 0 0 0 0 0 0
0 0 D2 D2 D2 D2 D2 D2 0 D2 D2 D2 D2 D2 D2 0 0 0 0 0 0 0 0 D2 D2 D2 D2 D2 D2 0 0 0 0 0 0 0 0 0 0 0
0 0 D2 D2 D2 D2 D2 D2 0 A2 A2 A2 A2 A2 A2 0 B1 B1 B1 B1 B1 B1 0 B1 B1 B1 B1 B1 B1 0 0 0 0 0 0 0 0 0 0 0
0 0 B4 B4 B4 B4 B4 B4 B4 B4 B4 B4 B4 B4 B4 0 D2 D2 D2 D2 D2 D2 0 0 0 0 0 0 0 0 0 0 0 0 0 0 0 0 0 0
0 0 D4 D4 D4 D4 D4 D4 0 D2 D2 D2 D2 D2 D2 0 0 0 0 0 0 0 0 0 0 0 0 0 0 0 0 0 0 0 0 0 0 0 0 0
0 0 0 0 0 0 0 0 0 0 0 0 0 0 0 0 0 0 0 0 0 0 0 0 0 0 0 0 0 0 0 0 0 0 0 0 0 0 0 0

0 0 D4 D4 D4 D4 D4 D4 0 D4 D4 D4 D4 D4 D4 0 B4 B4 B4 B4 B4 B4 B4 B4 B4 B4 B4 B4 B4 0 0 0 0 0 0 0 0 0 0 0
0 0 B5 B5 B5 B5 B5 B5 0 B5 B5 B5 B5 B5 B5 0 B5 B5 B5 B5 B5 B5 0 B5 B5 B5 B5 B5 B5 0 0 0 0 0 0 0 0 0 0 0
0 0 A2 A2 A2 A2 A2 A2 0 D2 D2 D2 D2 D2 D2 0 0 0 0 0 0 0 0 D2 D2 D2 D2 D2 D2 0 0 0 0 0 0 0 0 0 0 0
0 0 0 0 0 0 0 0 0 0 0 0 0 0 0 0 0 0 0 0 0 0 0 0 0 0 0 0 0 0 0 0 0 0 0 0 0 0 0 0
0 0 0 0 0 0 0 0 0 0 0 0 0 0 0 0 0 0 0 0 0 0 0 0 0 0 0 0 0 0 0 0 0 0 0 0 0 0 0 0
0 0 0 0 0 0 0 0 0 0 0 0 0 0 0 0 0 0 0 0 0 0 0 0 0 0 0 0 0 0 0 0 0 0 0 0 0 0 0 0

0 0 C3 C3 C3 C3 C3 C3 C3 C3 C3 C3 C3 C3 C3 0 C1 C1 C1 C1 C1 C1 0 0 0 0 0 0 0 0 0 0 0 0 0 0 0 0 0 0
0 0 0 0 0 0 0 0 0 0 0 0 0 0 0 0 0 0 0 0 0 0 0 0 0 0 0 0 0 0 0 0 0 0 0 0 0 0 0 0
0 0 0 0 0 0 0 0 0 B1 B1 B1 B1 B1 B1 0 C5 C5 C5 C5 C5 C5 0 0 0 0 0 0 0 0 0 0 0 0 0 0 0 0 0 0
0 0 0 0 0 0 0 0 0 0 0 0 0 0 0 0 0 0 0 0 0 0 0 0 0 0 0 0 0 0 0 0 0 0 0 0 0 0 0 0
0 0 0 0 0 0 0 0 0 0 0 0 0 0 0 0 0 0 0 0 0 0 0 0 0 0 0 0 0 0 0 0 0 0 0 0 0 0 0 0
0 0 0 0 0 0 0 0 0 0 0 0 0 0 0 0 0 0 0 0 0 0 0 0 0 0 0 0 0 0 0 0 0 0 0 0 0 0 0 0

0 0 LTOPO LTOPO LTOPO LTOPO LTOPO LTOPO LTOPO LTOPO LTOPO LTOPO LTOPO 0 0 0 0 0 0 0 0 0 0 0 0 0 0 0 0 0 0 0 0 0 0 0 0 0 0 0
0 0 C1 C1 C1 C1 C1 C1 C1 C1 C1 C1 C1 C1 C1 0 D2 D2 D2 D2 D2 D2 0 C1 C1 C1 C1 C1 C1 0 0 0 0 0 0 0 0 0 0 0
0 0 0 0 0 0 0 0 0 0 0 0 0 0 0 0 0 0 0 0 0 0 0 0 0 0 0 0 0 0 0 0 0 0 0 0 0 0 0 0
0 0 LRDM LRDM LRDM LRDM LRDM LRDM LRDM LRDM LRDM LRDM LRDM LRDM LRDM 0 B4 B4 B4 B4 B4 B4 B4 B4 B4 B4 B4 B4 B4 0 0 0 0 0 0 0 0 0 0 0
0 0 0 0 0 0 0 0 0 0 0 0 0 0 0 0 0 0 0 0 0 0 0 0 0 0 0 0 0 0 0 0 0 0 0 0 0 0 0 0
0 0 0 0 0 0 0 0 0 0 0 0 0 0 0 0 0 0 0 0 0 0 0 0 0 0 0 0 0 0 0 0 0 0 0 0 0 0 0 0

0 0 0 0 0 0 0 0 0 0 0 0 0 0 0 0 0 0 0 0 0 0 0 0 0 0 0 0 0 0 0 0 0 0 0 0 0 0 0 0
0 0 B4 B4 B4 B4 B4 B4 B4 B4 B4 B4 B4 B4 B4 0 0 0 0 0 0 0 0 0 0 0 0 0 0 0 0 0 0 0 0 0 0 0 0 0
0 0 0 0 0 0 0 0 0 0 0 0 0 0 0 0 0 0 0 0 0 0 0 0 0 0 0 0 0 0 0 0 0 0 0 0 0 0 0 0
0 0 0 0 0 0 0 0 0 A2 A2 A2 A2 A2 A2 0 B5 B5 B5 B5 B5 B5 0 B5 B5 B5 B5 B5 B5 0 0 0 0 0 0 0 0 0 0 0
0 0 LTOPO LTOPO LTOPO LTOPO LTOPO LTOPO LTOPO LTOPO LTOPO LTOPO LTOPO 0 0 0 0 0 0 0 0 0 LRDM LRDM LRDM LRDM LRDM LRDM LRDM LRDM LRDM LRDM LRDM LRDM LRDM 0 0 0 0 0
0 0 0 0 0 0 0 0 0 0 0 0 0 0 0 0 0 0 0 0 0 0 0 0 0 0 0 0 0 0 0 0 0 0 0 0 0 0 0 0

0 0 A1 A1 A1 A1 A1 A1 A1 A1 A1 A1 A1 A1 A1 0 0 0 0 0 0 0 0 0 0 0 0 0 0 0 0 0 0 0 0 0 0 0 0 0
0 0 0 0 0 0 0 0 0 0 0 0 0 0 0 0 0 0 0 0 0 0 0 0 0 0 0 0 0 0 0 0 0 0 0 0 0 0 0 0
0 0 0 0 0 0 0 0 0 0 0 0 0 0 0 0 0 0 0 0 0 0 0 0 0 0 0 0 0 0 0 0 0 0 0 0 0 0 0 0
0 0 0 0 0 0 0 0 0 A1 A1 A1 A1 A1 A1 0 A1 A1 A1 A1 A1 A1 0 A1 A1 A1 A1 A1 A1 0 0 0 0 0 0 0 0 0 0 0
0 0 0 0 0 0 0 0 0 0 0 0 0 0 0 0 0 0 0 0 0 0 0 0 0 0 0 0 0 0 0 0 0 0 0 0 0 0 0 0
0 0 CC4 CC4 CC4 CC4 CC4 CC4 CC4 CC4 CC4 CC4 CC4 CC4 CC4 0 0 0 0 0 0 0 0 0 0 0 0 0 0 0 0 0 0 0 0 0 0 0 0 0

0 0 CC4 CC4 CC4 CC4 CC4 CC4 0 B2 B2 B2 B2 B2 B2 0 0 0 0 0 0 0 0 LAI LAI LAI LAI LAI LAI 0 0 0 0 0 0 0 0 0 0 0
0 0 0 0 0 0 0 0 0 0 0 0 0 0 0 0 0 0 0 0 0 0 0 0 0 0 0 0 0 0 0 0 0 0 0 0 0 0 0 0
0 0 0 0 0 0 0 0 0 0 0 0 0 0 0 0 0 0 0 0 0 0 0 0 0 0 0 0 0 0 0 0 0 0 0 0 0 0 0 0
0 0 0 0 0 0 0 0 0 0 0 0 0 0 0 0 0 0 0 0 0 0 0 A1 A1 A1 A1 A1 A1 0 0 0 0 0 0 0 0 0 0 0
0 0 LAI LAI LAI LAI LAI LAI 0 0 0 0 0 0 0 0 0 0 0 0 0 0 CC3 CC3 CC3 CC3 CC3 CC3 CC3 CC3 CC3 CC3 CC3 0 0 0 0 0 0 0
0 0 A1 A1 A1 A1 A1 A1 0 0 0 0 0 0 0 0 0 0 0 0 0 0 0 0 0 0 0 0 0 0 0 0 0 0 0 0 0 0 0 0

0 0 0 0 0 0 0 0 0 0 0 0 0 0 0 0 0 0 0 0 0 0 0 0 0 0 0 0 0 0 0 0 0 0 0 0 0 0 0 0
0 0 0 0 0 0 0 0 0 0 0 0 0 0 0 0 B1 B1 B1 B1 B1 B1 0 B1 B1 B1 B1 B1 B1 0 0 0 0 0 0 0 0 0 0 0
0 0 0 0 0 0 0 0 0 0 0 0 0 0 0 0 0 0 0 0 0 0 0 0 0 0 0 0 0 0 0 0 0 0 0 0 0 0 0 0
0 0 B3 B3 B3 B3 B3 B3 0 0 0 0 0 0 0 0 B3 B3 B3 B3 B3 B3 0 B3 B3 B3 B3 B3 B3 0 0 0 0 0 0 0 0 0 0 0
0 0 B3 B3 B3 B3 B3 B3 0 0 0 0 0 0 0 0 0 0 0 0 0 0 B3 B3 B3 B3 B3 B3 B3 B3 B3 B3 B3 B3 B3 0 0 0 0 0
0 0 B2 B2 B2 B2 B2 B2 0 0 0 0 0 0 0 0 0 0 0 0 0 0 0 0 0 0 0 0 0 0 0 0 0 0 0 0 0 0 0 0